18 0.3007936507936508 0.29285714285714287 0.273015873015873 0.3547619047619048
21 0.1976190476190476 0.7547619047619047 0.16507936507936508 0.31587301587301586
21 0.43492063492063493 0.6484126984126984 0.14365079365079364 0.21587301587301588
21 0.7007936507936507 0.792063492063492 0.17539682539682538 0.33650793650793653
21 0.32222222222222224 0.5063492063492063 0.09126984126984126 0.1380952380952381
21 0.9547619047619048 0.6468253968253969 0.08968253968253968 0.2849206349206349
21 0.5857142857142857 0.6031746031746031 0.11666666666666667 0.20873015873015874
21 0.6404761904761904 0.4642857142857143 0.051587301587301584 0.05714285714285714
25 0.5341269841269841 0.7626984126984127 0.046825396825396826 0.19365079365079366
25 0.9206349206349206 0.8746031746031746 0.05873015873015873 0.21984126984126984
25 0.05714285714285714 0.7111111111111111 0.046825396825396826 0.1492063492063492