18 0.32222222222222224 0.27380952380952384 0.3904761904761905 0.32063492063492066
21 0.7944444444444444 0.2357142857142857 0.33650793650793653 0.20793650793650795
21 0.6563492063492063 0.45634920634920634 0.23333333333333334 0.17142857142857143
21 0.7611111111111111 0.7396825396825397 0.35714285714285715 0.22063492063492063
21 0.530952380952381 0.3246031746031746 0.1492063492063492 0.1111111111111111
21 0.580952380952381 0.9531746031746032 0.29523809523809524 0.09365079365079365
21 0.5904761904761905 0.5992063492063492 0.22380952380952382 0.14603174603174604
21 0.4452380952380952 0.6341269841269841 0.06349206349206349 0.05873015873015873
25 0.7555555555555555 0.5706349206349206 0.1984126984126984 0.0746031746031746
25 0.8126984126984127 0.9619047619047619 0.2253968253968254 0.0761904761904762
25 0.7706349206349207 0.09047619047619047 0.15396825396825398 0.06825396825396825