18 0.6888888888888889 0.2833333333333333 0.37777777777777777 0.30317460317460315
21 0.21984126984126984 0.22063492063492063 0.32857142857142857 0.19206349206349208
21 0.3468253968253968 0.44841269841269843 0.22698412698412698 0.1619047619047619
21 0.2261904761904762 0.7253968253968254 0.35079365079365077 0.20476190476190476
21 0.4785714285714286 0.3238095238095238 0.14603174603174604 0.10317460317460317
21 0.39365079365079364 0.953968253968254 0.2920634920634921 0.09206349206349207
21 0.40476190476190477 0.5944444444444444 0.21904761904761905 0.1349206349206349
21 0.5476190476190477 0.6365079365079365 0.06190476190476191 0.05555555555555555
25 0.24126984126984127 0.5571428571428572 0.19682539682539682 0.06507936507936508
25 0.1634920634920635 0.9515873015873015 0.22380952380952382 0.07777777777777778
25 0.2507936507936508 0.07698412698412699 0.1523809523809524 0.06031746031746032