21 0.942063492063492 0.5412698412698412 0.11587301587301588 0.35873015873015873
21 0.8793650793650793 0.5119047619047619 0.08571428571428572 0.23333333333333334
21 0.7571428571428571 0.6888888888888889 0.1492063492063492 0.6222222222222222
21 0.703968253968254 0.596031746031746 0.11904761904761904 0.473015873015873
21 0.5071428571428571 0.6492063492063492 0.15555555555555556 0.5857142857142857
21 0.5857142857142857 0.5555555555555556 0.10952380952380952 0.30158730158730157
21 0.6492063492063492 0.5436507936507936 0.10476190476190476 0.3253968253968254
21 0.44126984126984126 0.5619047619047619 0.10793650793650794 0.32857142857142857
21 0.3865079365079365 0.5492063492063493 0.1253968253968254 0.35079365079365077
21 0.3047619047619048 0.5595238095238095 0.11428571428571428 0.37936507936507935
21 0.07142857142857142 0.5722222222222222 0.14285714285714285 0.5412698412698412
21 0.2007936507936508 0.5595238095238095 0.17142857142857143 0.42698412698412697