21 0.05555555555555555 0.4793650793650794 0.06904761904761905 0.3515873015873016
21 0.12301587301587301 0.4587301587301587 0.05396825396825397 0.22857142857142856
21 0.21666666666666667 0.6619047619047619 0.06031746031746032 0.6412698412698413
21 0.2849206349206349 0.5666666666666667 0.05476190476190476 0.46904761904761905
21 0.4722222222222222 0.6468253968253969 0.07698412698412699 0.580952380952381
21 0.40714285714285714 0.5428571428571428 0.06904761904761905 0.29444444444444445
21 0.346031746031746 0.5222222222222223 0.06031746031746032 0.32142857142857145
21 0.5492063492063493 0.569047619047619 0.0626984126984127 0.32222222222222224
21 0.6055555555555555 0.5642857142857143 0.07777777777777778 0.34285714285714286
21 0.6849206349206349 0.5857142857142857 0.06428571428571428 0.3753968253968254
21 0.9341269841269841 0.6349206349206349 0.11190476190476191 0.5317460317460317
21 0.7880952380952381 0.6007936507936508 0.11507936507936507 0.4166666666666667