21 0.43492063492063493 0.9357142857142857 0.35873015873015873 0.12857142857142856
21 0.46825396825396826 0.8777777777777778 0.23492063492063492 0.09682539682539683
21 0.30396825396825394 0.7476190476190476 0.6079365079365079 0.18095238095238095
21 0.39365079365079364 0.6984126984126984 0.4714285714285714 0.14285714285714285
21 0.35079365079365077 0.4992063492063492 0.5841269841269842 0.18571428571428572
21 0.44047619047619047 0.5833333333333334 0.30317460317460315 0.1253968253968254
21 0.44841269841269843 0.6468253968253969 0.326984126984127 0.12063492063492064
21 0.44126984126984126 0.4388888888888889 0.32857142857142857 0.12380952380952381
21 0.45714285714285713 0.38412698412698415 0.35079365079365077 0.14126984126984127
21 0.4507936507936508 0.30238095238095236 0.37936507936507935 0.13333333333333333
21 0.4492063492063492 0.07698412698412699 0.5428571428571428 0.15396825396825398
21 0.45634920634920634 0.1976190476190476 0.4301587301587302 0.19206349206349208