21 0.5912698412698413 0.5111111111111111 0.24285714285714285 0.12380952380952381
21 0.5920634920634921 0.5015873015873016 0.23809523809523808 0.1365079365079365
21 0.3611111111111111 0.5746031746031746 0.23174603174603176 0.1492063492063492
21 0.723015873015873 0.28888888888888886 0.13333333333333333 0.08571428571428572
21 0.32222222222222224 0.2515873015873016 0.30317460317460315 0.1761904761904762
21 0.4753968253968254 0.7777777777777778 0.27936507936507937 0.17936507936507937
21 0.15079365079365079 0.7468253968253968 0.30158730158730157 0.20793650793650795
21 0.7690476190476191 0.21904761904761905 0.15079365079365079 0.08888888888888889
21 0.5325396825396825 0.08095238095238096 0.3380952380952381 0.1619047619047619
21 0.807936507936508 0.39285714285714285 0.11904761904761904 0.07936507936507936
21 0.5753968253968254 0.6206349206349207 0.1523809523809524 0.11587301587301588
21 0.7055555555555556 0.8444444444444444 0.18095238095238095 0.11746031746031746
21 0.6111111111111112 0.3865079365079365 0.23015873015873015 0.14603174603174604
21 0.5626984126984127 0.24126984126984127 0.16984126984126985 0.1365079365079365