21 0.5912698412698413 0.5142857142857142 0.24126984126984127 0.11587301587301588
21 0.5888888888888889 0.5238095238095238 0.2365079365079365 0.13015873015873017
21 0.3873015873015873 0.3904761904761905 0.22857142857142856 0.14285714285714285
21 0.6563492063492063 0.7642857142857142 0.13174603174603175 0.08095238095238096
21 0.2611111111111111 0.6896825396825397 0.3 0.16666666666666666
21 0.5531746031746032 0.2261904761904762 0.2761904761904762 0.16984126984126985
21 0.20714285714285716 0.1595238095238095 0.35079365079365077 0.19682539682539682
21 0.680952380952381 0.8444444444444444 0.1492063492063492 0.08412698412698413
21 0.4119047619047619 0.9174603174603174 0.3349206349206349 0.16507936507936508
21 0.7666666666666667 0.6880952380952381 0.11746031746031746 0.0761904761904762
21 0.6063492063492063 0.40476190476190477 0.15079365079365079 0.1111111111111111
21 0.7928571428571428 0.2253968253968254 0.17777777777777778 0.1111111111111111
21 0.5753968253968254 0.6396825396825396 0.22698412698412698 0.13968253968253969
21 0.4888888888888889 0.7658730158730159 0.16666666666666666 0.13174603174603175