20 0.44285714285714284 0.31587301587301586 0.1 0.06507936507936508
0 0.473015873015873 0.46746031746031746 0.10634920634920635 0.1523809523809524
11 0.319047619047619 0.6087301587301587 0.12380952380952381 0.16666666666666666
11 0.18015873015873016 0.6150793650793651 0.0761904761904762 0.06666666666666667
11 0.376984126984127 0.8936507936507937 0.05714285714285714 0.08571428571428572
3 0.8976190476190476 0.49126984126984125 0.20476190476190476 0.21746031746031746
3 0.7746031746031746 0.3626984126984127 0.11904761904761904 0.13015873015873017
3 0.7968253968253968 0.75 0.13174603174603175 0.13174603174603175
4 0.8690476190476191 0.6476190476190476 0.2507936507936508 0.12222222222222222
4 0.7968253968253968 0.8539682539682539 0.20793650793650795 0.08888888888888889
4 0.676984126984127 0.2365079365079365 0.10158730158730159 0.05238095238095238
4 0.6595238095238095 0.35555555555555557 0.08095238095238096 0.0380952380952381
4 0.6968253968253968 0.09682539682539683 0.11587301587301588 0.05714285714285714
3 0.6777777777777778 0.16746031746031745 0.09047619047619047 0.08095238095238096