20 0.44603174603174606 0.31507936507936507 0.10158730158730159 0.06666666666666667
0 0.4738095238095238 0.4666666666666667 0.10952380952380952 0.15396825396825398
11 0.31746031746031744 0.6055555555555555 0.1253968253968254 0.16825396825396827
11 0.17777777777777778 0.6095238095238096 0.07777777777777778 0.06666666666666667
11 0.36984126984126986 0.8912698412698413 0.05873015873015873 0.0873015873015873
3 0.8968253968253969 0.4976190476190476 0.20634920634920634 0.22063492063492063
3 0.776984126984127 0.3674603174603175 0.12063492063492064 0.13333333333333333
3 0.7928571428571428 0.7555555555555555 0.13333333333333333 0.13333333333333333
4 0.8658730158730159 0.653968253968254 0.25396825396825395 0.12698412698412698
4 0.7904761904761904 0.8595238095238096 0.20952380952380953 0.09365079365079365
4 0.6817460317460318 0.2396825396825397 0.10317460317460317 0.05396825396825397
4 0.6626984126984127 0.35793650793650794 0.08095238095238096 0.03968253968253968
4 0.703968253968254 0.1007936507936508 0.11746031746031746 0.06031746031746032
3 0.6833333333333333 0.17063492063492064 0.09047619047619047 0.08253968253968254