20 0.31825396825396823 0.4365079365079365 0.06190476190476191 0.09761904761904762
0 0.46825396825396826 0.4722222222222222 0.15 0.10158730158730159
11 0.6150793650793651 0.32301587301587303 0.1619047619047619 0.11825396825396825
11 0.6261904761904762 0.18412698412698414 0.06349206349206349 0.0746031746031746
11 0.8976190476190476 0.3904761904761905 0.08412698412698413 0.05476190476190476
3 0.476984126984127 0.8984126984126984 0.2111111111111111 0.2007936507936508
3 0.3531746031746032 0.7698412698412699 0.12777777777777777 0.11349206349206349
3 0.7396825396825397 0.8055555555555556 0.1261904761904762 0.1261904761904762
4 0.6349206349206349 0.8738095238095238 0.11349206349206349 0.24682539682539684
4 0.8436507936507937 0.8087301587301587 0.08174603174603175 0.20476190476190476
4 0.23015873015873015 0.6674603174603174 0.049206349206349205 0.1
4 0.35 0.6547619047619048 0.03571428571428571 0.07857142857142857
4 0.09047619047619047 0.6825396825396826 0.05317460317460317 0.11428571428571428
3 0.16111111111111112 0.6658730158730158 0.07777777777777778 0.0873015873015873