13 0.4936507936507937 0.40793650793650793 0.09682539682539683 0.23492063492063492
13 0.48412698412698413 0.4095238095238095 0.1111111111111111 0.23015873015873015
13 0.5992063492063492 0.6222222222222222 0.12380952380952381 0.21904761904761905
13 0.25 0.32142857142857145 0.07142857142857142 0.1253968253968254
13 0.2904761904761905 0.7214285714285714 0.14285714285714285 0.2904761904761905
13 0.7777777777777778 0.4714285714285714 0.1492063492063492 0.2634920634920635
13 0.8134920634920635 0.8214285714285714 0.16825396825396827 0.3396825396825397
13 0.173015873015873 0.2896825396825397 0.07142857142857142 0.14603174603174604
13 0.07222222222222222 0.55 0.14444444444444443 0.3253968253968254
13 0.3357142857142857 0.21825396825396826 0.06825396825396825 0.11428571428571428
13 0.6039682539682539 0.4023809523809524 0.10158730158730159 0.14444444444444443
13 0.7984126984126985 0.23253968253968255 0.09841269841269841 0.17142857142857143
13 0.3674603174603175 0.4126984126984127 0.12222222222222222 0.21746031746031746
13 0.23412698412698413 0.4880952380952381 0.12063492063492064 0.15714285714285714