13 0.5031746031746032 0.40793650793650793 0.08888888888888889 0.23253968253968255
13 0.5126984126984127 0.4087301587301587 0.10317460317460317 0.2261904761904762
13 0.40476190476190477 0.6253968253968254 0.11666666666666667 0.21587301587301588
13 0.7436507936507937 0.3126984126984127 0.06746031746031746 0.12380952380952381
13 0.7174603174603175 0.7142857142857143 0.13253968253968254 0.2865079365079365
13 0.22142857142857142 0.48095238095238096 0.13968253968253969 0.25952380952380955
13 0.1976190476190476 0.8325396825396826 0.15714285714285714 0.3349206349206349
13 0.8198412698412698 0.2785714285714286 0.06587301587301587 0.14365079365079364
13 0.930952380952381 0.5349206349206349 0.1373015873015873 0.32142857142857145
13 0.653968253968254 0.2126984126984127 0.06428571428571428 0.11190476190476191
13 0.39285714285714285 0.40634920634920635 0.09603174603174604 0.14047619047619048
13 0.19206349206349208 0.24285714285714285 0.09206349206349207 0.16825396825396827
13 0.6293650793650793 0.40793650793650793 0.11428571428571428 0.21428571428571427
13 0.765079365079365 0.4785714285714286 0.11507936507936507 0.15396825396825398