13 0.4793650793650794 0.5896825396825397 0.13174603174603175 0.24444444444444444
13 0.46984126984126984 0.5873015873015873 0.14444444444444443 0.24126984126984127
13 0.6174603174603175 0.3952380952380952 0.15555555555555556 0.23492063492063492
13 0.2253968253968254 0.6373015873015873 0.09047619047619047 0.1349206349206349
13 0.3277777777777778 0.24841269841269842 0.18412698412698414 0.30634920634920637
13 0.7698412698412699 0.5722222222222222 0.1873015873015873 0.28095238095238095
13 0.8603174603174604 0.23095238095238096 0.21746031746031746 0.35873015873015873
13 0.14365079365079364 0.6563492063492063 0.09206349206349207 0.15396825396825398
13 0.09047619047619047 0.38333333333333336 0.18095238095238095 0.3412698412698413
13 0.29365079365079366 0.7523809523809524 0.08412698412698413 0.12222222222222222
13 0.5873015873015873 0.6126984126984127 0.12063492063492064 0.15555555555555556
13 0.7531746031746032 0.8111111111111111 0.12222222222222222 0.18253968253968253
13 0.35555555555555557 0.5658730158730159 0.1523809523809524 0.23174603174603176
13 0.2357142857142857 0.47063492063492063 0.14285714285714285 0.173015873015873